0.000 0.0 0.0 1.0
0.500 0.0 0.0 1.0
1.000 0.0 0.015873015873015872 0.9841269841269841
1.500 0.0 0.015873015873015872 0.9841269841269841
2.000 0.0 0.015873015873015872 0.9841269841269841
2.500 0.0 0.07936507936507936 0.9206349206349206
3.000 0.0 0.07936507936507936 0.9206349206349206
3.500 0.0 0.15873015873015872 0.8412698412698413
4.000 0.0 0.20634920634920634 0.7936507936507936
4.500 0.0 0.2698412698412698 0.7301587301587301
5.000 0.0 0.2857142857142857 0.7142857142857143
5.500 0.0 0.36507936507936506 0.6349206349206349
6.000 0.0 0.38095238095238093 0.6190476190476191
6.500 0.0 0.3968253968253968 0.6031746031746031
7.000 0.0 0.4126984126984127 0.5873015873015873
7.500 0.0 0.4603174603174603 0.5396825396825397
8.000 0.0 0.47619047619047616 0.5238095238095238
8.500 0.0 0.49206349206349204 0.5079365079365079
9.000 0.015873015873015872 0.49206349206349204 0.49206349206349204
9.500 0.015873015873015872 0.5555555555555556 0.42857142857142855
10.000 0.015873015873015872 0.5396825396825397 0.4444444444444444
10.500 0.015873015873015872 0.5873015873015873 0.3968253968253968
11.000 0.015873015873015872 0.5714285714285714 0.4126984126984127
11.500 0.015873015873015872 0.5873015873015873 0.3968253968253968
12.000 0.015873015873015872 0.6666666666666666 0.31746031746031744
12.500 0.015873015873015872 0.6666666666666666 0.31746031746031744
13.000 0.015873015873015872 0.6507936507936508 0.3333333333333333
13.500 0.031746031746031744 0.6349206349206349 0.3333333333333333
14.000 0.031746031746031744 0.6666666666666666 0.30158730158730157
14.500 0.031746031746031744 0.6825396825396826 0.2857142857142857
15.000 0.031746031746031744 0.6825396825396826 0.2857142857142857
15.500 0.047619047619047616 0.6666666666666666 0.2857142857142857
16.000 0.047619047619047616 0.7142857142857143 0.23809523809523808
16.500 0.06349206349206349 0.6825396825396826 0.25396825396825395
17.000 0.06349206349206349 0.6984126984126984 0.23809523809523808
17.500 0.09523809523809523 0.6666666666666666 0.23809523809523808
18.000 0.1111111111111111 0.6666666666666666 0.2222222222222222
18.500 0.1111111111111111 0.6666666666666666 0.2222222222222222
19.000 0.14285714285714285 0.6507936507936508 0.20634920634920634
19.500 0.14285714285714285 0.6666666666666666 0.19047619047619047
20.000 0.1746031746031746 0.6190476190476191 0.20634920634920634
20.500 0.19047619047619047 0.6349206349206349 0.1746031746031746
21.000 0.19047619047619047 0.6349206349206349 0.1746031746031746
21.500 0.20634920634920634 0.6349206349206349 0.15873015873015872
22.000 0.2222222222222222 0.6190476190476191 0.15873015873015872
22.500 0.20634920634920634 0.6190476190476191 0.1746031746031746
23.000 0.20634920634920634 0.6349206349206349 0.15873015873015872
23.500 0.20634920634920634 0.6507936507936508 0.14285714285714285
24.000 0.25396825396825395 0.6349206349206349 0.1111111111111111
24.500 0.23809523809523808 0.6349206349206349 0.12698412698412698
25.000 0.2698412698412698 0.6190476190476191 0.1111111111111111
25.500 0.25396825396825395 0.6666666666666666 0.07936507936507936
26.000 0.25396825396825395 0.6507936507936508 0.09523809523809523
26.500 0.2222222222222222 0.6825396825396826 0.09523809523809523
27.000 0.2222222222222222 0.6825396825396826 0.09523809523809523
27.500 0.2222222222222222 0.6984126984126984 0.07936507936507936
28.000 0.23809523809523808 0.6825396825396826 0.07936507936507936
28.500 0.2698412698412698 0.6507936507936508 0.07936507936507936
29.000 0.2698412698412698 0.6507936507936508 0.07936507936507936
29.500 0.25396825396825395 0.6666666666666666 0.07936507936507936
30.000 0.2698412698412698 0.6507936507936508 0.07936507936507936
30.500 0.2857142857142857 0.6349206349206349 0.07936507936507936
31.000 0.31746031746031744 0.6031746031746031 0.07936507936507936
31.500 0.31746031746031744 0.6031746031746031 0.07936507936507936
32.000 0.36507936507936506 0.5555555555555556 0.07936507936507936
32.500 0.38095238095238093 0.5396825396825397 0.07936507936507936
33.000 0.38095238095238093 0.5396825396825397 0.07936507936507936
33.500 0.38095238095238093 0.5396825396825397 0.07936507936507936
34.000 0.3968253968253968 0.5396825396825397 0.06349206349206349
34.500 0.3968253968253968 0.5396825396825397 0.06349206349206349
35.000 0.38095238095238093 0.5555555555555556 0.06349206349206349
35.500 0.4126984126984127 0.5238095238095238 0.06349206349206349
36.000 0.42857142857142855 0.5079365079365079 0.06349206349206349
36.500 0.4444444444444444 0.47619047619047616 0.07936507936507936
37.000 0.4603174603174603 0.47619047619047616 0.06349206349206349
37.500 0.4603174603174603 0.4603174603174603 0.07936507936507936
38.000 0.4603174603174603 0.49206349206349204 0.047619047619047616
38.500 0.47619047619047616 0.4603174603174603 0.06349206349206349
39.000 0.47619047619047616 0.47619047619047616 0.047619047619047616
39.500 0.47619047619047616 0.47619047619047616 0.047619047619047616
40.000 0.47619047619047616 0.49206349206349204 0.031746031746031744
40.500 0.47619047619047616 0.49206349206349204 0.031746031746031744
41.000 0.49206349206349204 0.47619047619047616 0.031746031746031744
41.500 0.49206349206349204 0.47619047619047616 0.031746031746031744
42.000 0.49206349206349204 0.47619047619047616 0.031746031746031744
42.500 0.5079365079365079 0.47619047619047616 0.015873015873015872
43.000 0.5238095238095238 0.4603174603174603 0.015873015873015872
43.500 0.5238095238095238 0.4603174603174603 0.015873015873015872
44.000 0.5238095238095238 0.4603174603174603 0.015873015873015872
44.500 0.5238095238095238 0.4603174603174603 0.015873015873015872
45.000 0.5238095238095238 0.4603174603174603 0.015873015873015872
45.500 0.5238095238095238 0.4603174603174603 0.015873015873015872
46.000 0.5238095238095238 0.4603174603174603 0.015873015873015872
46.500 0.5238095238095238 0.4603174603174603 0.015873015873015872
47.000 0.5238095238095238 0.4603174603174603 0.015873015873015872
47.500 0.5238095238095238 0.4603174603174603 0.015873015873015872
48.000 0.5238095238095238 0.4603174603174603 0.015873015873015872
48.500 0.5238095238095238 0.4603174603174603 0.015873015873015872
49.000 0.5238095238095238 0.4603174603174603 0.015873015873015872
49.500 0.5238095238095238 0.4603174603174603 0.015873015873015872
50.000 0.5238095238095238 0.4603174603174603 0.015873015873015872
50.500 0.5238095238095238 0.4603174603174603 0.015873015873015872
51.000 0.5238095238095238 0.4603174603174603 0.015873015873015872
51.500 0.5238095238095238 0.4603174603174603 0.015873015873015872
52.000 0.5238095238095238 0.4603174603174603 0.015873015873015872
52.500 0.5238095238095238 0.4603174603174603 0.015873015873015872
53.000 0.5238095238095238 0.4603174603174603 0.015873015873015872
53.500 0.5396825396825397 0.4444444444444444 0.015873015873015872
54.000 0.5238095238095238 0.4603174603174603 0.015873015873015872
54.500 0.5396825396825397 0.4444444444444444 0.015873015873015872
55.000 0.5555555555555556 0.42857142857142855 0.015873015873015872
55.500 0.5714285714285714 0.4126984126984127 0.015873015873015872
56.000 0.5873015873015873 0.3968253968253968 0.015873015873015872
56.500 0.5873015873015873 0.3968253968253968 0.015873015873015872
57.000 0.6190476190476191 0.36507936507936506 0.015873015873015872
57.500 0.6031746031746031 0.38095238095238093 0.015873015873015872
58.000 0.6031746031746031 0.38095238095238093 0.015873015873015872
58.500 0.6031746031746031 0.38095238095238093 0.015873015873015872
59.000 0.6349206349206349 0.3492063492063492 0.015873015873015872
59.500 0.6349206349206349 0.3492063492063492 0.015873015873015872
60.000 0.6349206349206349 0.3492063492063492 0.015873015873015872
60.500 0.6349206349206349 0.3492063492063492 0.015873015873015872
61.000 0.6349206349206349 0.3492063492063492 0.015873015873015872
61.500 0.6507936507936508 0.3333333333333333 0.015873015873015872
62.000 0.6666666666666666 0.31746031746031744 0.015873015873015872
62.500 0.6666666666666666 0.31746031746031744 0.015873015873015872
63.000 0.6507936507936508 0.3333333333333333 0.015873015873015872
63.500 0.6666666666666666 0.31746031746031744 0.015873015873015872
64.000 0.6507936507936508 0.3333333333333333 0.015873015873015872
64.500 0.6666666666666666 0.31746031746031744 0.015873015873015872
65.000 0.6666666666666666 0.31746031746031744 0.015873015873015872
65.500 0.6666666666666666 0.31746031746031744 0.015873015873015872
66.000 0.6666666666666666 0.31746031746031744 0.015873015873015872
66.500 0.6666666666666666 0.31746031746031744 0.015873015873015872
67.000 0.6666666666666666 0.31746031746031744 0.015873015873015872
67.500 0.6825396825396826 0.30158730158730157 0.015873015873015872
68.000 0.6825396825396826 0.30158730158730157 0.015873015873015872
68.500 0.6825396825396826 0.30158730158730157 0.015873015873015872
69.000 0.6825396825396826 0.30158730158730157 0.015873015873015872
69.500 0.6825396825396826 0.30158730158730157 0.015873015873015872
70.000 0.6984126984126984 0.2857142857142857 0.015873015873015872
70.500 0.6984126984126984 0.2857142857142857 0.015873015873015872
71.000 0.6825396825396826 0.30158730158730157 0.015873015873015872
71.500 0.6825396825396826 0.30158730158730157 0.015873015873015872
72.000 0.6825396825396826 0.30158730158730157 0.015873015873015872
72.500 0.7142857142857143 0.2698412698412698 0.015873015873015872
73.000 0.7142857142857143 0.2698412698412698 0.015873015873015872
73.500 0.6984126984126984 0.2857142857142857 0.015873015873015872
74.000 0.6984126984126984 0.2857142857142857 0.015873015873015872
74.500 0.7142857142857143 0.2698412698412698 0.015873015873015872
75.000 0.7301587301587301 0.25396825396825395 0.015873015873015872
75.500 0.746031746031746 0.23809523809523808 0.015873015873015872
76.000 0.746031746031746 0.23809523809523808 0.015873015873015872
76.500 0.746031746031746 0.23809523809523808 0.015873015873015872
77.000 0.7619047619047619 0.2222222222222222 0.015873015873015872
77.500 0.7619047619047619 0.2222222222222222 0.015873015873015872
78.000 0.7619047619047619 0.2222222222222222 0.015873015873015872
78.500 0.7619047619047619 0.2222222222222222 0.015873015873015872
79.000 0.7619047619047619 0.20634920634920634 0.031746031746031744
79.500 0.7619047619047619 0.2222222222222222 0.015873015873015872
80.000 0.7619047619047619 0.20634920634920634 0.031746031746031744
80.500 0.7619047619047619 0.20634920634920634 0.031746031746031744
81.000 0.7619047619047619 0.20634920634920634 0.031746031746031744
81.500 0.7619047619047619 0.20634920634920634 0.031746031746031744
82.000 0.7619047619047619 0.2222222222222222 0.015873015873015872
82.500 0.7619047619047619 0.2222222222222222 0.015873015873015872
83.000 0.7619047619047619 0.2222222222222222 0.015873015873015872
83.500 0.7777777777777778 0.20634920634920634 0.015873015873015872
84.000 0.7777777777777778 0.20634920634920634 0.015873015873015872
84.500 0.746031746031746 0.23809523809523808 0.015873015873015872
85.000 0.746031746031746 0.23809523809523808 0.015873015873015872
85.500 0.746031746031746 0.23809523809523808 0.015873015873015872
86.000 0.746031746031746 0.23809523809523808 0.015873015873015872
86.500 0.746031746031746 0.23809523809523808 0.015873015873015872
87.000 0.746031746031746 0.23809523809523808 0.015873015873015872
87.500 0.7619047619047619 0.2222222222222222 0.015873015873015872
88.000 0.7619047619047619 0.2222222222222222 0.015873015873015872
88.500 0.7619047619047619 0.2222222222222222 0.015873015873015872
89.000 0.7619047619047619 0.2222222222222222 0.015873015873015872
89.500 0.7619047619047619 0.2222222222222222 0.015873015873015872
90.000 0.7777777777777778 0.20634920634920634 0.015873015873015872
90.500 0.7777777777777778 0.20634920634920634 0.015873015873015872
91.000 0.7936507936507936 0.19047619047619047 0.015873015873015872
91.500 0.7936507936507936 0.19047619047619047 0.015873015873015872
92.000 0.7936507936507936 0.19047619047619047 0.015873015873015872
92.500 0.7936507936507936 0.19047619047619047 0.015873015873015872
93.000 0.7936507936507936 0.19047619047619047 0.015873015873015872
93.500 0.7936507936507936 0.19047619047619047 0.015873015873015872
94.000 0.7936507936507936 0.19047619047619047 0.015873015873015872
94.500 0.7936507936507936 0.19047619047619047 0.015873015873015872
95.000 0.7936507936507936 0.19047619047619047 0.015873015873015872
95.500 0.7936507936507936 0.19047619047619047 0.015873015873015872
96.000 0.7936507936507936 0.19047619047619047 0.015873015873015872
96.500 0.7936507936507936 0.19047619047619047 0.015873015873015872
97.000 0.7936507936507936 0.19047619047619047 0.015873015873015872
97.500 0.7936507936507936 0.19047619047619047 0.015873015873015872
98.000 0.7936507936507936 0.19047619047619047 0.015873015873015872
98.500 0.7936507936507936 0.19047619047619047 0.015873015873015872
99.000 0.7936507936507936 0.19047619047619047 0.015873015873015872
99.500 0.7936507936507936 0.19047619047619047 0.015873015873015872
100.000 0.7936507936507936 0.19047619047619047 0.015873015873015872
