0.000 0.0 0.0 1.0
0.500 0.0 0.0 1.0
1.000 0.0 0.0 1.0
1.500 0.0 0.0 1.0
2.000 0.0 0.015873015873015872 0.9841269841269841
2.500 0.0 0.09523809523809523 0.9047619047619048
3.000 0.0 0.15873015873015872 0.8412698412698413
3.500 0.0 0.25396825396825395 0.746031746031746
4.000 0.0 0.36507936507936506 0.6349206349206349
4.500 0.0 0.3968253968253968 0.6031746031746031
5.000 0.0 0.38095238095238093 0.6190476190476191
5.500 0.0 0.4126984126984127 0.5873015873015873
6.000 0.0 0.47619047619047616 0.5238095238095238
6.500 0.0 0.49206349206349204 0.5079365079365079
7.000 0.0 0.5079365079365079 0.49206349206349204
7.500 0.0 0.49206349206349204 0.5079365079365079
8.000 0.0 0.5238095238095238 0.47619047619047616
8.500 0.0 0.5238095238095238 0.47619047619047616
9.000 0.0 0.5238095238095238 0.47619047619047616
9.500 0.0 0.5396825396825397 0.4603174603174603
10.000 0.0 0.5714285714285714 0.42857142857142855
10.500 0.0 0.5714285714285714 0.42857142857142855
11.000 0.0 0.5873015873015873 0.4126984126984127
11.500 0.0 0.6031746031746031 0.3968253968253968
12.000 0.015873015873015872 0.5873015873015873 0.3968253968253968
12.500 0.031746031746031744 0.6031746031746031 0.36507936507936506
13.000 0.015873015873015872 0.6349206349206349 0.3492063492063492
13.500 0.015873015873015872 0.6507936507936508 0.3333333333333333
14.000 0.015873015873015872 0.6666666666666666 0.31746031746031744
14.500 0.015873015873015872 0.6666666666666666 0.31746031746031744
15.000 0.031746031746031744 0.6666666666666666 0.30158730158730157
15.500 0.06349206349206349 0.6507936507936508 0.2857142857142857
16.000 0.06349206349206349 0.6666666666666666 0.2698412698412698
16.500 0.07936507936507936 0.6984126984126984 0.2222222222222222
17.000 0.09523809523809523 0.6825396825396826 0.2222222222222222
17.500 0.09523809523809523 0.7301587301587301 0.1746031746031746
18.000 0.1111111111111111 0.7142857142857143 0.1746031746031746
18.500 0.1111111111111111 0.7142857142857143 0.1746031746031746
19.000 0.1111111111111111 0.7301587301587301 0.15873015873015872
19.500 0.1111111111111111 0.7619047619047619 0.12698412698412698
20.000 0.14285714285714285 0.7301587301587301 0.12698412698412698
20.500 0.14285714285714285 0.7301587301587301 0.12698412698412698
21.000 0.14285714285714285 0.7142857142857143 0.14285714285714285
21.500 0.14285714285714285 0.7142857142857143 0.14285714285714285
22.000 0.15873015873015872 0.6984126984126984 0.14285714285714285
22.500 0.1746031746031746 0.6825396825396826 0.14285714285714285
23.000 0.1746031746031746 0.6825396825396826 0.14285714285714285
23.500 0.1746031746031746 0.6825396825396826 0.14285714285714285
24.000 0.20634920634920634 0.6507936507936508 0.14285714285714285
24.500 0.23809523809523808 0.6190476190476191 0.14285714285714285
25.000 0.23809523809523808 0.6190476190476191 0.14285714285714285
25.500 0.25396825396825395 0.6031746031746031 0.14285714285714285
26.000 0.23809523809523808 0.6190476190476191 0.14285714285714285
26.500 0.23809523809523808 0.6190476190476191 0.14285714285714285
27.000 0.23809523809523808 0.6190476190476191 0.14285714285714285
27.500 0.23809523809523808 0.6190476190476191 0.14285714285714285
28.000 0.25396825396825395 0.6031746031746031 0.14285714285714285
28.500 0.25396825396825395 0.6349206349206349 0.1111111111111111
29.000 0.23809523809523808 0.6507936507936508 0.1111111111111111
29.500 0.25396825396825395 0.6349206349206349 0.1111111111111111
30.000 0.25396825396825395 0.6349206349206349 0.1111111111111111
30.500 0.25396825396825395 0.6349206349206349 0.1111111111111111
31.000 0.25396825396825395 0.6349206349206349 0.1111111111111111
31.500 0.25396825396825395 0.6349206349206349 0.1111111111111111
32.000 0.2698412698412698 0.6190476190476191 0.1111111111111111
32.500 0.2698412698412698 0.6190476190476191 0.1111111111111111
33.000 0.2698412698412698 0.6190476190476191 0.1111111111111111
33.500 0.2698412698412698 0.6190476190476191 0.1111111111111111
34.000 0.30158730158730157 0.5873015873015873 0.1111111111111111
34.500 0.31746031746031744 0.5714285714285714 0.1111111111111111
35.000 0.3333333333333333 0.5555555555555556 0.1111111111111111
35.500 0.3492063492063492 0.5396825396825397 0.1111111111111111
36.000 0.36507936507936506 0.5238095238095238 0.1111111111111111
36.500 0.36507936507936506 0.5238095238095238 0.1111111111111111
37.000 0.3968253968253968 0.49206349206349204 0.1111111111111111
37.500 0.3968253968253968 0.5079365079365079 0.09523809523809523
38.000 0.4126984126984127 0.49206349206349204 0.09523809523809523
38.500 0.42857142857142855 0.47619047619047616 0.09523809523809523
39.000 0.4603174603174603 0.4444444444444444 0.09523809523809523
39.500 0.4603174603174603 0.4444444444444444 0.09523809523809523
40.000 0.49206349206349204 0.4126984126984127 0.09523809523809523
40.500 0.5079365079365079 0.3968253968253968 0.09523809523809523
41.000 0.5238095238095238 0.36507936507936506 0.1111111111111111
41.500 0.5238095238095238 0.36507936507936506 0.1111111111111111
42.000 0.5238095238095238 0.36507936507936506 0.1111111111111111
42.500 0.5396825396825397 0.3492063492063492 0.1111111111111111
43.000 0.5238095238095238 0.3492063492063492 0.12698412698412698
43.500 0.5238095238095238 0.36507936507936506 0.1111111111111111
44.000 0.5238095238095238 0.36507936507936506 0.1111111111111111
44.500 0.5238095238095238 0.36507936507936506 0.1111111111111111
45.000 0.5238095238095238 0.36507936507936506 0.1111111111111111
45.500 0.5396825396825397 0.3492063492063492 0.1111111111111111
46.000 0.5555555555555556 0.3333333333333333 0.1111111111111111
46.500 0.5714285714285714 0.31746031746031744 0.1111111111111111
47.000 0.5714285714285714 0.31746031746031744 0.1111111111111111
47.500 0.5714285714285714 0.31746031746031744 0.1111111111111111
48.000 0.5714285714285714 0.31746031746031744 0.1111111111111111
48.500 0.5714285714285714 0.31746031746031744 0.1111111111111111
49.000 0.5714285714285714 0.31746031746031744 0.1111111111111111
49.500 0.5714285714285714 0.31746031746031744 0.1111111111111111
50.000 0.5714285714285714 0.31746031746031744 0.1111111111111111
50.500 0.5714285714285714 0.31746031746031744 0.1111111111111111
51.000 0.5555555555555556 0.3333333333333333 0.1111111111111111
51.500 0.5555555555555556 0.3492063492063492 0.09523809523809523
52.000 0.5714285714285714 0.3333333333333333 0.09523809523809523
52.500 0.5714285714285714 0.3333333333333333 0.09523809523809523
53.000 0.5714285714285714 0.3492063492063492 0.07936507936507936
53.500 0.5714285714285714 0.3492063492063492 0.07936507936507936
54.000 0.5714285714285714 0.36507936507936506 0.06349206349206349
54.500 0.5714285714285714 0.36507936507936506 0.06349206349206349
55.000 0.5714285714285714 0.36507936507936506 0.06349206349206349
55.500 0.5873015873015873 0.3492063492063492 0.06349206349206349
56.000 0.5873015873015873 0.3492063492063492 0.06349206349206349
56.500 0.5873015873015873 0.3492063492063492 0.06349206349206349
57.000 0.5873015873015873 0.3492063492063492 0.06349206349206349
57.500 0.5873015873015873 0.3333333333333333 0.07936507936507936
58.000 0.5873015873015873 0.3333333333333333 0.07936507936507936
58.500 0.5873015873015873 0.3333333333333333 0.07936507936507936
59.000 0.5873015873015873 0.3333333333333333 0.07936507936507936
59.500 0.5873015873015873 0.3333333333333333 0.07936507936507936
60.000 0.5873015873015873 0.3333333333333333 0.07936507936507936
60.500 0.6031746031746031 0.31746031746031744 0.07936507936507936
61.000 0.6031746031746031 0.31746031746031744 0.07936507936507936
61.500 0.6349206349206349 0.2857142857142857 0.07936507936507936
62.000 0.6349206349206349 0.30158730158730157 0.06349206349206349
62.500 0.6190476190476191 0.31746031746031744 0.06349206349206349
63.000 0.6190476190476191 0.31746031746031744 0.06349206349206349
63.500 0.6031746031746031 0.31746031746031744 0.07936507936507936
64.000 0.6031746031746031 0.31746031746031744 0.07936507936507936
64.500 0.6031746031746031 0.31746031746031744 0.07936507936507936
65.000 0.5873015873015873 0.3333333333333333 0.07936507936507936
65.500 0.6031746031746031 0.31746031746031744 0.07936507936507936
66.000 0.6190476190476191 0.30158730158730157 0.07936507936507936
66.500 0.6190476190476191 0.30158730158730157 0.07936507936507936
67.000 0.6031746031746031 0.31746031746031744 0.07936507936507936
67.500 0.6031746031746031 0.3333333333333333 0.06349206349206349
68.000 0.6031746031746031 0.3333333333333333 0.06349206349206349
68.500 0.6031746031746031 0.3333333333333333 0.06349206349206349
69.000 0.6190476190476191 0.31746031746031744 0.06349206349206349
69.500 0.6349206349206349 0.30158730158730157 0.06349206349206349
70.000 0.6349206349206349 0.30158730158730157 0.06349206349206349
70.500 0.6349206349206349 0.30158730158730157 0.06349206349206349
71.000 0.6349206349206349 0.30158730158730157 0.06349206349206349
71.500 0.6349206349206349 0.30158730158730157 0.06349206349206349
72.000 0.6349206349206349 0.31746031746031744 0.047619047619047616
72.500 0.6507936507936508 0.30158730158730157 0.047619047619047616
73.000 0.6507936507936508 0.30158730158730157 0.047619047619047616
73.500 0.6507936507936508 0.2857142857142857 0.06349206349206349
74.000 0.6507936507936508 0.30158730158730157 0.047619047619047616
74.500 0.6507936507936508 0.30158730158730157 0.047619047619047616
75.000 0.6507936507936508 0.30158730158730157 0.047619047619047616
75.500 0.6507936507936508 0.30158730158730157 0.047619047619047616
76.000 0.6507936507936508 0.30158730158730157 0.047619047619047616
76.500 0.6507936507936508 0.30158730158730157 0.047619047619047616
77.000 0.6349206349206349 0.31746031746031744 0.047619047619047616
77.500 0.6349206349206349 0.31746031746031744 0.047619047619047616
78.000 0.6190476190476191 0.31746031746031744 0.06349206349206349
78.500 0.6190476190476191 0.31746031746031744 0.06349206349206349
79.000 0.6190476190476191 0.31746031746031744 0.06349206349206349
79.500 0.6190476190476191 0.31746031746031744 0.06349206349206349
80.000 0.6190476190476191 0.31746031746031744 0.06349206349206349
80.500 0.6190476190476191 0.30158730158730157 0.07936507936507936
81.000 0.6507936507936508 0.2698412698412698 0.07936507936507936
81.500 0.6507936507936508 0.2698412698412698 0.07936507936507936
82.000 0.6666666666666666 0.25396825396825395 0.07936507936507936
82.500 0.6666666666666666 0.2698412698412698 0.06349206349206349
83.000 0.6825396825396826 0.25396825396825395 0.06349206349206349
83.500 0.6825396825396826 0.2698412698412698 0.047619047619047616
84.000 0.6984126984126984 0.25396825396825395 0.047619047619047616
84.500 0.7301587301587301 0.23809523809523808 0.031746031746031744
85.000 0.7301587301587301 0.23809523809523808 0.031746031746031744
85.500 0.7301587301587301 0.20634920634920634 0.06349206349206349
86.000 0.7301587301587301 0.20634920634920634 0.06349206349206349
86.500 0.7301587301587301 0.20634920634920634 0.06349206349206349
87.000 0.7301587301587301 0.2222222222222222 0.047619047619047616
87.500 0.7142857142857143 0.23809523809523808 0.047619047619047616
88.000 0.7142857142857143 0.23809523809523808 0.047619047619047616
88.500 0.7142857142857143 0.23809523809523808 0.047619047619047616
89.000 0.6984126984126984 0.25396825396825395 0.047619047619047616
89.500 0.6984126984126984 0.25396825396825395 0.047619047619047616
90.000 0.6825396825396826 0.2698412698412698 0.047619047619047616
90.500 0.6825396825396826 0.2698412698412698 0.047619047619047616
91.000 0.6825396825396826 0.2698412698412698 0.047619047619047616
91.500 0.6825396825396826 0.2698412698412698 0.047619047619047616
92.000 0.6825396825396826 0.2698412698412698 0.047619047619047616
92.500 0.6825396825396826 0.2698412698412698 0.047619047619047616
93.000 0.6825396825396826 0.2698412698412698 0.047619047619047616
93.500 0.6825396825396826 0.2698412698412698 0.047619047619047616
94.000 0.6825396825396826 0.2698412698412698 0.047619047619047616
94.500 0.6825396825396826 0.2698412698412698 0.047619047619047616
95.000 0.6666666666666666 0.2857142857142857 0.047619047619047616
95.500 0.6507936507936508 0.30158730158730157 0.047619047619047616
96.000 0.6507936507936508 0.30158730158730157 0.047619047619047616
96.500 0.6507936507936508 0.2857142857142857 0.06349206349206349
97.000 0.6349206349206349 0.30158730158730157 0.06349206349206349
97.500 0.6349206349206349 0.30158730158730157 0.06349206349206349
98.000 0.6349206349206349 0.30158730158730157 0.06349206349206349
98.500 0.6507936507936508 0.2857142857142857 0.06349206349206349
99.000 0.6507936507936508 0.30158730158730157 0.047619047619047616
99.500 0.6507936507936508 0.30158730158730157 0.047619047619047616
100.000 0.6666666666666666 0.2857142857142857 0.047619047619047616
